1.78571
5.35714
8.92857
12.5
16.0714
19.6429
23.2143
26.7857
30.3571
33.9286
37.5
41.0714
44.6429
48.2143
51.7857
55.3571
58.9286
62.5
66.0714
69.6429
73.2143
76.7857
80.3571
83.9286
87.5
91.0714
94.6429
98.2143
101.786
105.357
108.929
112.5
116.071
119.643
123.214
126.786
130.357
133.929
137.5
141.071
144.643
148.214
151.786
155.357
158.929
162.5
166.071
169.643
173.214
176.786
180.357
183.929
187.5
191.071
194.643
198.214
201.786
205.357
208.929
212.5
216.071
219.643
223.214
226.786
230.357
233.929
237.5
241.071
244.643
248.214
251.786
255.357
258.929
262.5
266.071
269.643
273.214
276.786
280.357
283.929
287.5
291.071
294.643
298.214
301.786
305.357
308.929
312.5
316.071
319.643
323.214
326.786
330.357
333.929
337.5
341.071
344.643
348.214
351.786
355.357
358.929
362.5
366.071
369.643
373.214
376.786
380.357
383.929
387.5
391.071
394.643
398.214
401.786
405.357
408.929
412.5
416.071
419.643
423.214
426.786
430.357
433.929
437.5
441.071
444.643
448.214
451.786
455.357
458.929
462.5
466.071
469.643
473.214
476.786
480.357
483.929
487.5
491.071
494.643
498.214
501.786
505.357
508.929
512.5
516.071
519.643
523.214
526.786
530.357
533.929
537.5
541.071
544.643
548.214
551.786
555.357
558.929
562.5
566.071
569.643
573.214
576.786
580.357
583.929
587.5
591.071
594.643
598.214
601.786
605.357
608.929
612.5
616.071
619.643
623.214
626.786
630.357
633.929
637.5
641.071
644.643
648.214
651.786
655.357
658.929
662.5
666.071
669.643
673.214
676.786
680.357
683.929
687.5
691.071
694.643
698.214
701.786
705.357
708.929
712.5
716.071
719.643
723.214
726.786
730.357
733.929
737.5
741.071
744.643
748.214
751.786
755.357
758.929
762.5
766.071
769.643
773.214
776.786
780.357
783.929
787.5
791.071
794.643
798.214
801.786
805.357
808.929
812.5
816.071
819.643
823.214
826.786
830.357
833.929
837.5
841.071
844.643
848.214
851.786
855.357
858.929
862.5
866.071
869.643
873.214
876.786
880.357
883.929
887.5
891.071
894.643
898.214
901.786
905.357
908.929
912.5
916.071
919.643
923.214
926.786
930.357
933.929
937.5
941.071
944.643
948.214
951.786
955.357
958.929
962.5
966.071
969.643
973.214
976.786
980.357
983.929
987.5
991.071
994.643
998.214
