0.178571
0.535714
0.892857
1.25
1.60714
1.96429
2.32143
2.67857
3.03571
3.39286
3.75
4.10714
4.46429
4.82143
5.17857
5.53571
5.89286
6.25
6.60714
6.96429
7.32143
7.67857
8.03571
8.39286
8.75
9.10714
9.46429
9.82143
10.1786
10.5357
10.8929
11.25
11.6071
11.9643
12.3214
12.6786
13.0357
13.3929
13.75
14.1071
14.4643
14.8214
15.1786
15.5357
15.8929
16.25
16.6071
16.9643
17.3214
17.6786
18.0357
18.3929
18.75
19.1071
19.4643
19.8214
20.1786
20.5357
20.8929
21.25
21.6071
21.9643
22.3214
22.6786
23.0357
23.3929
23.75
24.1071
24.4643
24.8214
25.1786
25.5357
25.8929
26.25
26.6071
26.9643
27.3214
27.6786
28.0357
28.3929
28.75
29.1071
29.4643
29.8214
30.1786
30.5357
30.8929
31.25
31.6071
31.9643
32.3214
32.6786
33.0357
33.3929
33.75
34.1071
34.4643
34.8214
35.1786
35.5357
35.8929
36.25
36.6071
36.9643
37.3214
37.6786
38.0357
38.3929
38.75
39.1071
39.4643
39.8214
40.1786
40.5357
40.8929
41.25
41.6071
41.9643
42.3214
42.6786
43.0357
43.3929
43.75
44.1071
44.4643
44.8214
45.1786
45.5357
45.8929
46.25
46.6071
46.9643
47.3214
47.6786
48.0357
48.3929
48.75
49.1071
49.4643
49.8214
50.1786
50.5357
50.8929
51.25
51.6071
51.9643
52.3214
52.6786
53.0357
53.3929
53.75
54.1071
54.4643
54.8214
55.1786
55.5357
55.8929
56.25
56.6071
56.9643
57.3214
57.6786
58.0357
58.3929
58.75
59.1071
59.4643
59.8214
60.1786
60.5357
60.8929
61.25
61.6071
61.9643
62.3214
62.6786
63.0357
63.3929
63.75
64.1071
64.4643
64.8214
65.1786
65.5357
65.8929
66.25
66.6071
66.9643
67.3214
67.6786
68.0357
68.3929
68.75
69.1071
69.4643
69.8214
70.1786
70.5357
70.8929
71.25
71.6071
71.9643
72.3214
72.6786
73.0357
73.3929
73.75
74.1071
74.4643
74.8214
75.1786
75.5357
75.8929
76.25
76.6071
76.9643
77.3214
77.6786
78.0357
78.3929
78.75
79.1071
79.4643
79.8214
80.1786
80.5357
80.8929
81.25
81.6071
81.9643
82.3214
82.6786
83.0357
83.3929
83.75
84.1071
84.4643
84.8214
85.1786
85.5357
85.8929
86.25
86.6071
86.9643
87.3214
87.6786
88.0357
88.3929
88.75
89.1071
89.4643
89.8214
90.1786
90.5357
90.8929
91.25
91.6071
91.9643
92.3214
92.6786
93.0357
93.3929
93.75
94.1071
94.4643
94.8214
95.1786
95.5357
95.8929
96.25
96.6071
96.9643
97.3214
97.6786
98.0357
98.3929
98.75
99.1071
99.4643
99.8214
